10 10 25 25 30
10 1 5 7 9 3
20 4 6 4 7 13
10 1 5 3 4 9
30 2 4 2 10 3
10 3 2 5 6 4

100 200 200 300 200
100 4 3 5 2 3
200 7 1 2 3 1
300 9 2 4 5 6
100 1 3 6 4 10
200 5 8 15 6 15

200 400 100 200 100
200 1 7 12 2 5
100 2 3 8 4 7
200 3 5 4 6 9
400 4 4 3 8 2
400 5 3 7 10 1

5 10 15 15 15
10 2 5 5 6 7
5 4 3 4 4 3
5 5 2 3 6 2
10 3 6 5 7 8
15 1 9 7 6 4

10 30 30 30 40
10 3 1 3 4 3
30 5 1 2 2 6
60 2 3 4 1 1
10 6 2 5 3 2
60 3 7 4 4 1

20 20 40 40 40
20 4 5 2 4 3
40 3 1 3 5 2
80 2 7 6 8 6
40 3 3 1 4 9
20 1 6 9 2 7

50 100 100 200 200
50 1 4 5 6 1
100 2 2 2 5 5
150 3 6 8 3 4
200 4 7 9 4 8
100 5 2 2 7 9

200 200 300 300 100
300 4 6 3 4 1
200 7 3 5 2 2
100 5 3 2 4 4
100 2 3 4 6 5
200 1 4 4 3 3

200 400 400 300 500
200 1 6 9 3 4
400 3 2 2 4 5
600 4 5 4 7 6
200 1 4 3 9 8
200 7 9 7 1 9

100 300 300 300 600
300 4 2 2 5 3
600 3 3 4 5 5
100 1 2 3 4 6
300 2 6 1 1 8
600 3 4 5 5 9

40 60 40 60 20
20 3 3 4 2 3
40 1 2 1 5 3
60 4 8 2 9 12
40 5 7 9 6 5
20 10 14 17 7 6

300 200 300 100 400
300 3 4 3 1 5
200 2 3 5 0 8
100 1 2 3 3 4
200 4 5 7 9 9
300 5 6 8 4 7

20 20 40 10 30
20 1 1 3 4 5
10 2 3 4 2 6
20 1 1 4 7 8
30 5 6 3 4 7
10 4 5 7 6 4

200 300 400 200 300
200 1 3 4 2 5
200 1 2 4 1 7
300 3 4 5 9 9
300 6 3 7 6 8
100 5 6 7 3 4

300 150 300 150 250
150 2 1 3 1 5
250 8 3 7 4 6
250 6 4 9 3 4
150 5 2 1 2 3
150 4 6 2 3 4

50 50 100 100 50
50 3 4 6 5 13
50 6 3 7 6 10
100 10 5 2 2 6
150 9 4 4 9 5
100 3 2 4 2 3

200 200 400 200 100
200 5 2 1 6 4
300 6 2 4 4 6
200 9 2 3 7 5
200 7 3 5 8 7
100 3 2 4 2 3

100 150 150 100 300
50 3 4 5 4 1
100 1 2 7 1 5
150 4 6 6 3 7
100 2 7 4 7 2
200 3 8 9 4 5

400 600 500 400 500
400 1 2 3 1 2
500 3 4 2 4 5
600 5 7 6 3 9
400 4 10 15 4 8
200 3 4 5 3 7

100 150 150 100 100
50 3 4 5 4 6
100 1 5 7 1 5
150 4 6 6 3 4
100 2 7 4 7 2
100 1 9 6 3 2

500 250 500 750 500
250 3 1 8 1 4
500 2 5 2 3 5
750 9 4 6 5 7
250 7 3 10 3 2
500 6 6 4 7 8

100 100 200 200 300
300 1 2 3 4 8
200 4 5 6 2 6
100 1 1 3 4 5
200 3 3 2 2 7
300 5 6 7 8 10

200 300 200 300 100
100 2 3 4 5 1
200 2 4 2 6 7
300 6 5 4 5 4
400 4 6 7 6 9
400 5 7 6 9 8

50 150 200 150 100
50 4 5 6 10 9
100 6 3 8 4 3
150 5 1 3 1 7
150 7 2 4 2 3
100 1 5 7 8 4

200 300 200 200 100
200 1 5 1 1 5
300 4 2 6 7 9
100 3 4 5 6 5
300 4 2 3 3 6
300 6 2 3 5 4

100 200 200 100 200
100 2 3 4 2 5
200 3 1 3 1 4
300 4 3 3 5 4
200 5 1 2 6 7
100 2 9 8 7 6

20 20 40 40 40
20 4 5 2 4 3
40 3 1 3 5 2
80 2 7 6 8 6
40 3 3 1 4 9
20 1 6 9 2 7

5 5 10 10 5
5 3 4 6 5 13
5 6 3 7 6 10
10 10 5 2 2 6
15 9 4 4 9 5
10 4 6 2 3 4